at 60 deg around 0 1 0

array([-16.23469053,   6.36396102,  28.06951127,  11.02270384,
       -16.23469052,   6.36396103,  28.06951126,  11.02270384,
       -16.23469052,   6.36396102,  28.06951127,  11.02270383,
       -16.23469052,   6.36396103,  28.06951126,  11.02270384,
       -16.23469053,  -6.36396102,  28.06951127, -11.02270384,
       -16.23469052,  -6.36396103,  28.06951126, -11.02270384,
       -16.23469052,  -6.36396102,  28.06951127, -11.02270383,
       -16.23469052,  -6.36396103,  28.06951126, -11.02270384])

at 40 around 1 0 0



array([  0.        ,   0.        ,   8.70641146,  23.92066888,
         0.        ,   0.        ,   8.70641145,  23.92066888,
         0.        ,   0.        ,   8.70641145,  23.92066888,
         0.        ,   0.        ,   8.70641145,  23.92066888,
         0.        ,   0.        ,  -8.70641145, -23.92066888,
         0.        ,   0.        ,  -8.70641145, -23.92066888,
         0.        ,   0.        ,  -8.70641145, -23.92066888,
         0.        ,   0.        ,  -8.70641145, -23.92066888])

